-49.922522965821116
-39.543058968454176
-25.07432796093363
61.330371286786715
-31.131728630152182
174.75912034498464
-75.8796957774058
-130.26401787689622
46.72815263718908
-55.84536991005186
-49.32945318778846
-62.79661795889342
3.138760896727902
-83.93186867944179
-33.88880432292832
140.0913643516086
-22.37316904643876
8.92141371319508
49.33096035767002
90.44439210147306
43.91819679797345
50.242020395382326
35.09920430739227
-19.094059310349706
-34.203030299395586
63.83457824773325
18.62803521030085
138.3363632523545
1.596941651160293
46.28462983853274
75.64556562656
-68.34122496524446
-2.369133270456061
22.634979138150385
-80.10262956459995
132.15206533438464
47.36739902440223
16.89501535013744
-84.44031166315219
-46.64469515640778
-47.20576826253307
-84.88630984565869
50.739315519741155
122.94314997175945
7.159975536478569
-42.93281501280484
80.05147951340231
140.37721451768368
84.16617026450098
167.18265575296846
-80.79151179846978
-88.1663726794916
-12.315256055261955
66.13955189721639
2.618258208961734
67.85230999838336
68.20517640441355
-148.33927197758672
36.18327633328295
139.34895059631594
27.469430846332713
-179.67467795310515
31.806973769090675
-45.92433562664374
-68.86821502844782
161.80626715363445
77.55586605871713
-161.68794604345342
30.78438811760553
32.755125304809155
-2.00777680546193
67.5132895446653
81.318505033299
-70.3724284488581
-27.11654272749771
64.83746534666915
27.345130102945603
-11.936945261025272
-70.68919336110167
-62.08043110801043
63.27764665892835
-18.99761641827243
82.14129313354388
-88.04513597438546
-54.316886887707255
-171.4525211853653
-89.10661354327885
101.09973548537187
13.637658770727754
89.63773975737104
87.21811766198573
100.39329289316117
-66.9246835601708
98.93773502672019
86.53390708287478
-163.1514148165293
24.498650297974407
101.90140866775198
49.79468684950385
-88.94281119621374
-40.07668914922844
166.79809379225037
46.93734786383109
-70.40328278166061
44.557660216550545
-25.443854774347244
-67.7540432991931
-46.27435247982649
11.472423369667638
-154.39985862976292
-46.313481575247266
131.29558011560636
-66.60566071294085
37.4280340449811
43.207604481319834
-43.49395910673911
54.76157568764614
-2.5051125141139323
33.068427118811
176.07247875841864
49.30765333067205
3.040158561324432
54.4474408748456
-69.42673923505903
-86.30549171292935
142.81581884630242
-21.099071880698403
-33.813107136333656
-83.90576803645934
15.242866032556748
40.682413582629465
-165.27409165402523
-49.877073973193205
-166.65582527980752
28.500219275226016
38.819302911985716
-60.84098847896741
-81.12815374605479
18.9817694553533
154.29057213698906
73.83227058103083
-163.6323422778559
-59.07016942321465
-86.77620934842162
26.34875720059341
-137.53467637042212
89.39703947966186
138.90554801383496
49.32066218031136
-13.43611452172405
71.6717598410381
-72.22434954952026
-6.10089086881645
36.07152947258814
83.45944455615233
-106.28483667935804
-27.738277246584936
12.739745351865963
-37.139686343206506
26.445265206269966
22.885813841046144
-43.822194862031836
12.185368956071244
8.50603981638136
13.541826941881453
16.458024960975877
-6.780653591185811
-155.77049277225944
16.570682566708967
-40.20747836408975
-49.76950731187372
59.31644390722789
13.762472969250041
-110.41756493087122
-23.156516416405836
-148.92804733377278
-5.967015186365714
99.7110617233169
17.833265872479515
-72.9499061207486
-83.9016761397015
-72.2276051011535
-15.036048901753333
163.80301702520927
-79.52314786096815
2.9971815496601266
87.1882855079262
47.62556988151826
-89.59836620904831
-53.04128477543223
69.83968939097929
-154.36853605936508
-60.39466246466264
104.71088251984332
-35.10976775166072
38.19261322565458
-73.55638859467533
59.83154124812691
-65.08572388593794
-37.281650836980134
