-79.87572689846453
-122.06122058649304
-83.79252155776345
-43.393125741957874
16.48199974874717
50.004403001154685
6.362097781011883
21.678312726277653
-14.600900797363167
7.027494905055676
-35.81316970361027
-88.23793969388483
76.59087850600844
150.50996877806858
-3.803740628022524
-21.92669013005039
-88.92722555776314
-127.3915285322976
-32.19581349080772
-58.400322886229134
-17.41879276773038
-121.3093968645583
10.949368730003783
113.99973115530042
9.555883045207167
-151.6501613626709
-18.1238213195342
12.282111935344489
52.505497682646364
8.501290973715896
-27.031733327802648
-130.37128200961791
-67.03322493870559
123.19492736770013
87.65165923940424
-177.26829038605993
84.85207801160664
45.159667404453785
54.774452185841085
-79.86196804323313
